1
10
15
68
1
10
15
68
1
ShedevrNS1@knaapo.ru
10
15
68
1
10
15
68
1
10
KlokolSY10@knaapo.ru
15
68
1
10
15
68
1
10
15
68
1
10
15
68
1
10
15
68
1
10
15
68
1
10
15
68
1
10
15
68
BreevSI68@knaapo.ru
1
10
15
68
BudnikovSV68@knaapo.ru
1
10
15
68
GolikGA68@knaapo.ru
1
10
15
68
1
10
15
68
1
10
15
68
1
10
15
68
1
10
15
68
1
10
15
68
1
10
15
68
1
10
15
68
1
10
15
68
1
10
15
68
1
10
15
68
1
10
15
68
